%YAML:1.0
---
intrinsicMatrix: !!opencv-matrix
   rows: 3
   cols: 3
   dt: d
   data: [ 4.8274583901173010e+03, 0., 7.3113697506944186e+02, 0.,
       4.8299563442507197e+03, 5.5152412919871927e+02, 0., 0., 1. ]
distortionCoefficients: !!opencv-matrix
   rows: 1
   cols: 5
   dt: d
   data: [ -4.6722953277171708e-01, 2.0679172864894384e+00,
       5.0162316540308428e-03, -1.0403170047048322e-03,
       4.5538131318485407e-02 ]
R: !!opencv-matrix
   rows: 3
   cols: 3
   dt: d
   data: [ 9.9932156455727750e-01, 3.6531386859927927e-02,
       -4.6763644945043859e-03, -1.9773450726336593e-02,
       6.3930633779909518e-01, 7.6869787114072485e-01,
       3.1071228768240165e-02, -7.6808389139728717e-01,
       6.3959496129881466e-01 ]
T: !!opencv-matrix
   rows: 3
   cols: 1
   dt: d
   data: [ -2.8819657785213257e+00, -4.7309268919618930e+01,
       1.2520660377900913e+03 ]
