%YAML:1.0
---
intrinsicMatrix: !!opencv-matrix
   rows: 3
   cols: 3
   dt: d
   data: [ 5.7428409624509577e+03, 0., 7.1892155941716669e+02, 0.,
       5.7349040743812411e+03, 5.4003137818367327e+02, 0., 0., 1. ]
distortionCoefficients: !!opencv-matrix
   rows: 1
   cols: 5
   dt: d
   data: [ -3.6026155009220923e-01, -6.1013002887216805e+00,
       4.8223384354303400e-03, -1.5126911517999774e-03,
       -1.0490773725380956e-01 ]
R: !!opencv-matrix
   rows: 3
   cols: 3
   dt: d
   data: [ -7.8392387815095987e-01, 6.2049216156570086e-01,
       -2.1279819084831286e-02, -3.4609440004846131e-01,
       -4.0828321267204487e-01, 8.4470319314259101e-01,
       5.1544351729346105e-01, 6.6954782927414391e-01,
       5.3481182185365717e-01 ]
T: !!opencv-matrix
   rows: 3
   cols: 1
   dt: d
   data: [ -7.1348132982277292e+01, 6.2588214743489829e+01,
       1.3432926837035222e+03 ]
