%YAML:1.0
---
intrinsicMatrix: !!opencv-matrix
   rows: 3
   cols: 3
   dt: d
   data: [ 6.7954166807830134e+03, 0., 7.1972361606020195e+02, 0.,
       6.7955090776071593e+03, 5.3941883615421079e+02, 0., 0., 1. ]
distortionCoefficients: !!opencv-matrix
   rows: 1
   cols: 5
   dt: d
   data: [ -5.0418230507851314e-01, 1.0943075331099173e+01,
       -1.6370317967125099e-03, -1.4026050545920391e-03,
       1.4895367804924295e-01 ]
R: !!opencv-matrix
   rows: 3
   cols: 3
   dt: d
   data: [ -6.7336155457353630e-01, -7.3202197297870608e-01,
       1.0357629023417075e-01, 3.3603146405523554e-01,
       -4.2782723402712636e-01, -8.3907491500437170e-01,
       6.5853403252011633e-01, -5.3019589672220313e-01,
       5.3406482669403865e-01 ]
T: !!opencv-matrix
   rows: 3
   cols: 1
   dt: d
   data: [ 7.6782989217585694e+01, 5.4239149413048310e+01,
       1.4852335101413148e+03 ]
