%YAML:1.0
---
intrinsicMatrix: !!opencv-matrix
   rows: 3
   cols: 3
   dt: d
   data: [ 4.8274583901173010e+03, 0., 7.3113697506944186e+02, 0.,
       4.8299563442507197e+03, 5.5152412919871927e+02, 0., 0., 1. ]
distortionCoefficients: !!opencv-matrix
   rows: 1
   cols: 5
   dt: d
   data: [ -4.6722953277171708e-01, 2.0679172864894384e+00,
       5.0162316540308428e-03, -1.0403170047048322e-03,
       4.5538131318485407e-02 ]
R: !!opencv-matrix
   rows: 3
   cols: 3
   dt: d
   data: [ 1.0000000000000002e+00, -3.8886322360683616e-18,
       2.2771742231457330e-18, -3.8886322360683616e-18,
       1.0000000000000002e+00, -4.8899842547879981e-17,
       2.2771742231457330e-18, -4.8899842547879981e-17, 1. ]
T: !!opencv-matrix
   rows: 3
   cols: 1
   dt: d
   data: [ -1.0906449049043663e+02, 9.9862374402746946e+02,
       -8.6460748621367634e+02 ]
