%YAML:1.0
---
intrinsicMatrix: !!opencv-matrix
   rows: 3
   cols: 3
   dt: d
   data: [ 5.7428409624509577e+03, 0., 7.1892155941716669e+02, 0.,
       5.7349040743812411e+03, 5.4003137818367327e+02, 0., 0., 1. ]
distortionCoefficients: !!opencv-matrix
   rows: 1
   cols: 5
   dt: d
   data: [ -3.6026155009220923e-01, -6.1013002887216805e+00,
       4.8223384354303400e-03, -1.5126911517999774e-03,
       -1.0490773725380956e-01 ]
R: !!opencv-matrix
   rows: 3
   cols: 3
   dt: d
   data: [ -7.6053309239867506e-01, 6.4894803945417978e-01,
       -2.1350818604559337e-02, -6.4580203244749101e-01,
       -7.5261950846599546e-01, 1.2846637833726460e-01,
       6.7298961754236872e-02, 1.1149133403534064e-01,
       9.9148400500553846e-01 ]
T: !!opencv-matrix
   rows: 3
   cols: 1
   dt: d
   data: [ 1.3205988816825347e+03, 8.6812855137671716e+02,
       1.1210056603137257e+03 ]
