%YAML:1.0
---
intrinsicMatrix: !!opencv-matrix
   rows: 3
   cols: 3
   dt: d
   data: [ 6.7954166807830134e+03, 0., 7.1972361606020195e+02, 0.,
       6.7955090776071593e+03, 5.3941883615421079e+02, 0., 0., 1. ]
distortionCoefficients: !!opencv-matrix
   rows: 1
   cols: 5
   dt: d
   data: [ -5.0418230507851314e-01, 1.0943075331099173e+01,
       -1.6370317967125099e-03, -1.4026050545920391e-03,
       1.4895367804924295e-01 ]
R: !!opencv-matrix
   rows: 3
   cols: 3
   dt: d
   data: [ -6.5908776225003751e-01, -7.3953956059500325e-01,
       1.3669147730267520e-01, -3.1558116909190603e-01,
       1.0698048747581254e-01, -9.4284871586804619e-01,
       6.8265060416498868e-01, -6.6455730649386990e-01,
       -3.0389428921713690e-01 ]
T: !!opencv-matrix
   rows: 3
   cols: 1
   dt: d
   data: [ 2.6294173198313462e+01, 9.8626862936284431e+02,
       -6.7661222288937711e+02 ]
